16137
16138
16144
16145
16146
16148
16156
16157
16158
16166
16167
16168
16169
16170
16178
16211
16213
16214
16221
16222
16223
16224
16225
16226
16228
16231
16232
16233
16238
16243
16244
16245
16246
16248
16249
16250
16251
16252
16253
16256
16257
16259
16260
16318
16320
16321
16322
16323
16326
16328
16329
16330
16331
16332
16333
16335
16336
16337
16338
16339
16341
16343
16345
16346
16348
16350
16352
16353
16354
16355
16356
16357
16658
16659
16660
16664
16665
16666
16671
16672
16673
16674
16675
16676
16678
16679
16681
16682
16683
16685
16686
16687
16688
16689
16690
16692
16693
16695
16709
16710
16711
16712
16713
16715
16716
16717
16718
16719
16720
16723
16726
16727
16728
16729
16730
16731
16732
16733
16734
16736
16738
16742
16743
16744
16746
16747
16748
16749
16750
16751
16752
16753
16754
16755
16756
16757
16758
16759
16761
16762
16763
16765
16766
16767
16768
16769
16770
16771
16772
