16983
16984
16986
16988
16989
16990
16991
16992
16993
16995
16996
17000
17001
17002
17003
17008
17010
17011
17014
17015
17016
17019
17020
17022
17025
17026
17027
17028
17032
17067
17069
17070
17071
17073
17074
17075
17076
17077
17078
17084
17085
17086
17087
17088
17092
17093
17095
17096
17097
17098
17100
17101
17102
17144
17146
17147
17149
17150
17151
17153
17155
17156
17157
17158
17159
17160
17161
17162
17163
17164
17165
17166
17167
17168
17169
17188
17189
17190
17191
17192
17195
17197
17199
17203
17204
17206
17207
17211
17212
17214
17215
17216
17221
17222
17223
17224
17225
17353
17355
17356
17357
17358
17359
17360
17361
17362
17363
17364
17366
17368
17371
17373
17374
17375
17376
17379
17381
17382
